=============================================================
MEDIA DE TODAS LAS CLASES VOTING CLASSIFIER (VARIOS LOGISTIC)
=============================================================
Precision: 	0.4066235832978037
Recall: 	0.38552195099366876
Accuracy: 	0.38552195099366876
F-Score: 	0.3571693884783982
Kappa: 		0.3486240271281255
