==============================================================
MEDIA DE TODAS LAS CLASES MODELO BASELINE (LOGISTIC REGRESSION
==============================================================
Precision: 	0.40534310168311044
Recall: 	0.36001291870863933
Accuracy: 	0.36001291870863933
F-Score: 	0.344326808765748
Kappa: 		0.32373840015126765
